cos
-3.99999999999e-05
3.68017624983e-12
-3.99999999989e-05
3.67777528153e-12
-3.99999999992e-05
3.67902582155e-12
-3.99999999994e-05
3.67892231304e-12
-3.99999999997e-05
3.67862092469e-12
-4.00000000003e-05
3.67817705785e-12
-4.00000000002e-05
3.67822427589e-12
-3.99999999997e-05
3.67884449392e-12
-4e-05
3.67854586355e-12
-3.99999999998e-05
3.67866368421e-12
-4e-05
3.67865117618e-12
-4.00000000001e-05
3.67856712461e-12
-3.99999999999e-05
3.6785103119e-12
-4.00000000001e-05
3.67885821477e-12
-4e-05
3.67860163177e-12
-4e-05
3.67880636556e-12
-4e-05
3.67852871572e-12
-4.00000000001e-05
3.67848326727e-12
-4e-05
3.67862616011e-12
-3.99999999999e-05
3.67854918262e-12
-4.00000000002e-05
3.67840533593e-12
-3.99999999999e-05
3.67853503879e-12
-4e-05
3.67866442226e-12
-4.00000000001e-05
3.67866948504e-12
-3.99999999999e-05
3.67863219833e-12
-3.99999999999e-05
3.67844120696e-12
-4.00000000001e-05
3.67846394413e-12
-3.99999999998e-05
3.67859278809e-12
-4e-05
3.67861916805e-12
-3.99999999999e-05
3.67859504973e-12
-4e-05
3.67853602286e-12
-3.99999999999e-05
3.67855121982e-12
-3.99999999999e-05
3.67854339043e-12
-4.00000000001e-05
3.67863576773e-12
-4e-05
3.67853871178e-12
-4e-05
3.6785913422e-12
-4.00000000001e-05
3.678591394e-12
-4.00000000001e-05
3.67859105303e-12
-4e-05
3.67845161738e-12
-4.00000000001e-05
3.67854456872e-12
-4e-05
3.67752315705e-12
-3.99999999999e-05
3.6784967378e-12
-4.00000000001e-05
3.67852581962e-12
-4e-05
3.67846931335e-12
-4e-05
3.67857381887e-12
-4e-05
3.67851195202e-12
-4.00000000001e-05
3.67858157057e-12
-4.00000000001e-05
3.67859769549e-12
-4e-05
3.67850422621e-12
-4e-05
3.67848051361e-12
sin
0.0
1.27323954432
-1.74579706599e-12
0.424413180323
-4.79669213524e-13
0.254647906853
8.55825524492e-14
0.181891360602
-4.82759492002e-13
0.141471056757
-1.45336745388e-13
0.115749044914
-1.49354700662e-13
0.0979414979959
-3.43273921525e-13
0.0848826300326
-1.13749759764e-14
0.074896436687
-9.57599271262e-14
0.0670125996592
-1.45599266059e-13
0.0606304457148
2.38661140407e-14
0.0553582314413
-1.46138084547e-13
0.0509295713176
-9.79026179011e-14
0.0471570088656
7.22230925241e-15
0.04390479974
-1.15584486595e-13
0.0410722303934
-1.71279224019e-14
0.0385830026841
-2.31597580248e-14
0.036378258046
-1.29256122317e-13
0.034411864089
-2.21300328505e-14
0.0326471514774
-5.99164769541e-14
0.0310546058684
-7.57906695328e-14
0.0296102039588
2.43423475504e-14
0.0282941932557
-5.67200595575e-14
0.0270901833922
-4.64373118797e-14
0.0259844599797
9.40862119991e-16
0.0249654599065
-7.39777514027e-14
0.024023365436
-1.02425919937e-14
0.0231497868659
2.12131664709e-15
0.0223375119965
-5.98424770857e-14
0.0215803065529
-1.5757021781e-15
0.0208727538703
-3.82371968593e-14
0.0202101251144
-6.08508535398e-14
0.0195882734611
8.96880439997e-15
0.0190035472297
-3.32513672303e-14
0.0184527181226
-2.04437515833e-14
0.0179329215939
1.27624876401e-14
0.017441607021
-4.79429393963e-14
0.0169764958472
-1.20116492438e-14
0.0165355462494
5.24581531532e-16
0.0161169231711
-3.68098842656e-14
0.0157189727959
1.25800163261e-14
0.0153402007118
-1.24700781091e-14
0.0149792531569
-3.94259798833e-14
0.0146349008533
3.60599704234e-15
0.0143060250201
-3.01715999438e-14
0.0139916052308
-1.68798440532e-14
0.0136907088371
1.79475930659e-14
0.01340248173
-2.52236090333e-14
0.0131261402423
-2.66514174211e-15
0.0128609640333
